 0.12812E-03   0.85541E+00
 0.38436E-03   0.28515E+00
 0.64060E-03   0.17111E+00
 0.89683E-03   0.12224E+00
 0.11531E-02   0.95095E-01
 0.14093E-02   0.77825E-01
 0.16655E-02   0.65872E-01
 0.19218E-02   0.57110E-01
 0.21780E-02   0.50412E-01
 0.24343E-02   0.45127E-01
 0.26905E-02   0.40850E-01
 0.29467E-02   0.37319E-01
 0.32030E-02   0.34355E-01
 0.34592E-02   0.31832E-01
 0.37155E-02   0.29658E-01
 0.39717E-02   0.27766E-01
 0.42279E-02   0.26105E-01
 0.44842E-02   0.24635E-01
 0.47404E-02   0.23325E-01
 0.49966E-02   0.22151E-01
 0.52529E-02   0.21092E-01
 0.55091E-02   0.20133E-01
 0.57654E-02   0.19261E-01
 0.60216E-02   0.18463E-01
 0.62778E-02   0.17732E-01
 0.65341E-02   0.17058E-01
 0.67903E-02   0.16437E-01
 0.70465E-02   0.15862E-01
 0.73028E-02   0.15328E-01
 0.75590E-02   0.14830E-01
 0.78153E-02   0.14367E-01
 0.80715E-02   0.13933E-01
 0.83277E-02   0.13527E-01
 0.85840E-02   0.13146E-01
 0.88402E-02   0.12788E-01
 0.90965E-02   0.12450E-01
 0.93527E-02   0.12132E-01
 0.96089E-02   0.11832E-01
 0.98652E-02   0.11547E-01
 0.10121E-01   0.11278E-01
 0.10378E-01   0.11023E-01
 0.10634E-01   0.10781E-01
 0.10890E-01   0.10550E-01
 0.11146E-01   0.10331E-01
 0.11403E-01   0.10123E-01
 0.11659E-01   0.99237E-02
 0.11915E-01   0.97340E-02
 0.12171E-01   0.95528E-02
 0.12428E-01   0.93797E-02
 0.12684E-01   0.92142E-02
 0.12940E-01   0.90558E-02
 0.13196E-01   0.89041E-02
 0.13452E-01   0.87588E-02
 0.13709E-01   0.86194E-02
 0.13965E-01   0.84857E-02
 0.14221E-01   0.83574E-02
 0.14477E-01   0.82341E-02
 0.14734E-01   0.81157E-02
 0.14990E-01   0.80018E-02
 0.15246E-01   0.78924E-02
 0.15502E-01   0.77870E-02
 0.15759E-01   0.76856E-02
 0.16015E-01   0.75880E-02
 0.16271E-01   0.74940E-02
 0.16527E-01   0.74034E-02
 0.16784E-01   0.73162E-02
 0.17040E-01   0.72320E-02
 0.17296E-01   0.71509E-02
 0.17552E-01   0.70726E-02
 0.17809E-01   0.69972E-02
 0.18065E-01   0.69243E-02
 0.18321E-01   0.68541E-02
 0.18577E-01   0.67863E-02
 0.18833E-01   0.67208E-02
 0.19090E-01   0.66577E-02
 0.19346E-01   0.65967E-02
 0.19602E-01   0.65378E-02
 0.19858E-01   0.64810E-02
 0.20115E-01   0.64262E-02
 0.20371E-01   0.63732E-02
 0.20627E-01   0.63221E-02
 0.20883E-01   0.62728E-02
 0.21140E-01   0.62252E-02
 0.21396E-01   0.61792E-02
 0.21652E-01   0.61349E-02
 0.21908E-01   0.60922E-02
 0.22165E-01   0.60509E-02
 0.22421E-01   0.60112E-02
 0.22677E-01   0.59729E-02
 0.22933E-01   0.59360E-02
 0.23190E-01   0.59005E-02
 0.23446E-01   0.58663E-02
 0.23702E-01   0.58334E-02
 0.23958E-01   0.58017E-02
 0.24214E-01   0.57713E-02
 0.24471E-01   0.57421E-02
 0.24727E-01   0.57141E-02
 0.24983E-01   0.56872E-02
 0.25239E-01   0.56615E-02
 0.25496E-01   0.56368E-02
 0.25752E-01   0.56133E-02
 0.26008E-01   0.55908E-02
 0.26264E-01   0.55693E-02
 0.26521E-01   0.55489E-02
 0.26777E-01   0.55294E-02
 0.27033E-01   0.55110E-02
 0.27289E-01   0.54935E-02
 0.27546E-01   0.54770E-02
 0.27802E-01   0.54615E-02
 0.28058E-01   0.54468E-02
 0.28314E-01   0.54331E-02
 0.28571E-01   0.54203E-02
 0.28827E-01   0.54084E-02
 0.29083E-01   0.53974E-02
 0.29339E-01   0.53873E-02
 0.29595E-01   0.53780E-02
 0.29852E-01   0.53696E-02
 0.30108E-01   0.53621E-02
 0.30364E-01   0.53554E-02
 0.30620E-01   0.53496E-02
 0.30877E-01   0.53446E-02
 0.31133E-01   0.53404E-02
 0.31389E-01   0.53371E-02
 0.31645E-01   0.53346E-02
 0.31902E-01   0.53329E-02
 0.32158E-01   0.53321E-02
 0.32286E-01   0.53321E-02





