1  	6	80.0059621903	3.2286	0.00000 5.	    1.	    0.5332  0.5332 	-90.      0.  0
ESS_rms_prf.txt
2  	2	80.0101953386	0.5381	0.00001	0.5326	1.0038	0.5332	0.3	-90.      0.  1
3  	0	80.0127350841	0.5381	0.00003	0.5326	1.0038	0.5332	0.3	-90.      0.  2
4  	0	80.0155568975	0.5381	0.00005	0.5295	1.0038	0.5300	0.3	-90.      0.  3
5  	0	80.0186607389	0.5381	0.00008	0.5265	1.0038	0.5270	0.3	-90.      0.  4
6  	0	80.0220465645	0.5381	0.00012	0.5235	1.0038	0.5240	0.3	-90.      0.  5
7  	0	80.0257143265	0.5381	0.00016	0.5206	1.0038	0.5211	0.3	-90.      0.  6
8  	0	80.0296639732	0.5381	0.00021	0.5178	1.0039	0.5183	0.3	-90.      0.  7
9  	0	80.0338954488	0.5381	0.00026	0.515	1.0039	0.5155	0.3	-90.      0.  8
10 	0	80.0384086936	0.5381	0.00032	0.5123	1.0039	0.5129	0.3	-90.      0.  9
11 	0	80.0432036439	0.5381	0.00039	0.5097	1.0039	0.5102	0.3	-90.      0.  10
12 	0	80.0482802321	0.5381	0.00046	0.5071	1.0039	0.5077	0.3	-90.      0.  11
13 	0	80.0536383865	0.5381	0.00053	0.5046	1.004	0.5051	0.3	-90.      0.  12
14 	0	80.0592780315	0.5381	0.00062	0.5021	1.004	0.5027	0.3	-90.      0.  13
15 	0	80.0651990875	0.5381	0.00070	0.4997	1.004	0.5003	0.3	-90.      0.  14
16 	0	80.0714014709	0.5381	0.00079	0.4974	1.004	0.4980	0.3	-90.      0.  15
17 	0	80.0778850942	0.5381	0.00089	0.4951	1.004	0.4957	0.3	-90.      0.  16
18 	0	80.0846498659	0.5381	0.00099	0.4926	1.0044	0.4932	0.3	-90.      0.  17
19 	0	80.0916956906	0.5381	0.00110	0.4901	1.0048	0.4908	0.3	-90.      0.  18
20 	0	80.0990224688	0.5381	0.00121	0.4876	1.0053	0.4884	0.3	-90.      0.  19
21 	0	80.1066300971	0.5381	0.00132	0.4853	1.0057	0.4861	0.3	-90.      0.  20
22 	0	80.1145184681	0.5381	0.00144	0.4829	1.0062	0.4838	0.3	-90.      0.  21
23 	0	80.1226874706	0.5381	0.00156	0.4806	1.0066	0.4816	0.3	-90.      0.  22
24 	0	80.1311369892	0.5381	0.00169	0.4784	1.0071	0.4793	0.3	-90.      0.  23
25 	0	80.1398669047	0.5381	0.00182	0.4761	1.0076	0.4772	0.3	-90.      0.  24
26 	0	80.148877094	0.5381	0.00196	0.4739	1.0081	0.4750	0.3	-90.      0.  25
27 	0	80.1581674297	0.5381	0.00210	0.4718	1.0085	0.4730	0.3	-90.      0.  26
28 	0	80.1677377809	0.5381	0.00224	0.4697	1.009	0.4710	0.3	-90.      0.  27
29 	0	80.1775880125	0.5381	0.00239	0.4676	1.0096	0.4689	0.3	-90.      0.  28
30 	0	80.1877179854	0.5381	0.00254	0.4656	1.0101	0.4669	0.3	-90.      0.  29
31 	0	80.1981275568	0.5381	0.00269	0.4636	1.0106	0.4650	0.3	-90.      0.  30
32 	0	80.2088165796	0.5381	0.00285	0.4616	1.0111	0.4631	0.3	-90.      0.  31
33 	0	80.2197849031	0.5381	0.00301	0.4597	1.0116	0.4612	0.3	-90.      0.  32
34 	0	80.2310323725	0.5381	0.00317	0.4577	1.0122	0.4594	0.3	-90.      0.  33
35 	0	80.242558829	0.5381	0.00334	0.4559	1.0127	0.4576	0.3	-90.      0.  34
36 	0	80.25436411	    0.5381	0.00351	0.454	1.0132	0.4558	0.3	-90.      0.  35
37 	0	80.2664480488	0.5381	0.00368	0.4522	1.0138	0.4540	0.3	-90.      0.  36
38 	0	80.278810475	0.5381	0.00386	0.4504	1.0143	0.4523	0.3	-90.      0.  37
39 	0	80.291451214	0.5381	0.00404	0.4486	1.0149	0.4506	0.3	-90.      0.  38
40 	0	80.3043700876	0.5381	0.00422	0.4469	1.0154	0.4490	0.3	-90.      0.  39
41 	0	80.3175669133	0.5381	0.00440	0.4452	1.016	0.4473	0.3	-90.      0.  40
42 	0	80.3310415049	0.5381	0.00459	0.4435	1.0165	0.4457	0.3	-90.      0.  41
43 	0	80.3447936724	0.5381	0.00477	0.4419	1.0171	0.4442	0.3	-90.      0.  42
44 	0	80.3588232215	0.5381	0.00496	0.4402	1.0177	0.4426	0.3	-90.      0.  43
45 	0	80.3731299543	0.5381	0.00516	0.4386	1.0182	0.4411	0.3	-90.      0.  44
46 	0	80.3877136689	0.5381	0.00535	0.4371	1.0188	0.4396	0.3	-90.      0.  45
47 	0	80.4025741595	0.5381	0.00555	0.4355	1.0194	0.4381	0.3	-90.      0.  46
48 	0	80.4177112164	0.5381	0.00575	0.434	1.0199	0.4367	0.3	-90.      0.  47
49 	0	80.4331246259	0.5381	0.00595	0.4325	1.0205	0.4352	0.3	-90.      0.  48
50 	0	80.4488141706	0.5381	0.00615	0.431	1.0211	0.4338	0.3	-90.      0.  49
51 	0	80.464779629	0.5381	0.00636	0.4296	1.0216	0.4324	0.3	-90.      0.  50
52 	0	80.4810207758	0.5381	0.00656	0.4281	1.0222	0.4311	0.3	-90.      0.  51
53 	0	80.4975373818	0.5381	0.00677	0.4267	1.0228	0.4297	0.3	-90.      0.  52
54 	0	80.514329214	0.5381	0.00698	0.4253	1.0234	0.4284	0.3	-90.      0.  53
55 	0	80.5313960352	0.5381	0.00719	0.424	1.0239	0.4271	0.3	-90.      0.  54
56 	0	80.5487376048	0.5381	0.00741	0.4226	1.0245	0.4258	0.3	-90.      0.  55
57 	0	80.5663536779	0.5381	0.00762	0.4213	1.0251	0.4246	0.3	-90.      0.  56
58 	0	80.584244006	0.5381	0.00784	0.4199	1.0257	0.4233	0.3	-90.      0.  57
59 	0	80.6024083366	0.5381	0.00805	0.4187	1.0262	0.4221	0.3	-90.      0.  58
60 	0	80.6208464133	0.5381	0.00827	0.4174	1.0268	0.4209	0.3	-90.      0.  59
61 	0	80.6395579759	0.5381	0.00849	0.4161	1.0274	0.4198	0.3	-90.      0.  60
62 	0	80.6585427605	0.5381	0.00871	0.4149	1.028	0.4186	0.3	-90.      0.  61
63 	0	80.6778004989	0.5381	0.00893	0.4137	1.0285	0.4175	0.3	-90.      0.  62
64 	0	80.6973309196	0.5381	0.00916	0.4125	1.0291	0.4163	0.3	-90.      0.  63
65 	0	80.7171337468	0.5381	0.00938	0.4113	1.0297	0.4152	0.3	-90.      0.  64
66 	0	80.737208701	0.5381	0.00961	0.4102	1.0302	0.4142	0.3	-90.      0.  65
67 	0	80.7575554991	0.5381	0.00983	0.409	1.0308	0.4131	0.3	-90.      0.  66
68 	0	80.7781738538	0.5381	0.01006	0.4079	1.0314	0.4120	0.3	-90.      0.  67
69 	0	80.7990634742	0.5381	0.01028	0.4068	1.032	0.4110	0.3	-90.      0.  68
70 	0	80.8202240655	0.5381	0.01051	0.4057	1.0325	0.4100	0.3	-90.      0.  69
71 	0	80.841655329	0.5381	0.01074 0.4046	1.0331	0.4090	0.3	-90.      0.  70
72 	0	80.8633569623	0.5381	0.01097	0.4036	1.0337	0.4080	0.3	-90.      0.  71
73 	0	80.8853286591	0.5381	0.01120	0.4025	1.0342	0.4070	0.3	-90.      0.  72
74 	0	80.9075701094	0.5381	0.01143	0.4015	1.0348	0.4060	0.3	-90.      0.  73
75 	0	80.9300809993	0.5381	0.01166	0.4005	1.0353	0.4051	0.3	-90.      0.  74
76 	0	80.9528610111	0.5381	0.01189	0.3995	1.0359	0.4042	0.3	-90.      0.  75
77 	0	80.9759098233	0.5381	0.01212	0.3985	1.0365	0.4032	0.3	-90.      0.  76
78 	0	80.9992271106	0.5381	0.01235	0.3976	1.037	0.4024	0.3	-90.      0.  77
79 	0	81.022812544	0.5381	0.01258	0.3966	1.0376	0.4015	0.3	-90.      0.  78
80 	0	81.0466657907	0.5381	0.01281	0.3957	1.0381	0.4006	0.3	-90.      0.  79
81 	0	81.0707865139	0.5381	0.01304	0.3947	1.0387	0.3997	0.3	-89.9992  0.  80
82 	0	81.0951743734	0.5381	0.01327	0.3938	1.0392	0.3989	0.3	-89.997   0.  81
83 	0	81.1198290249	0.5381	0.01350	0.3929	1.0398	0.3980	0.3	-89.9932  0.  82
84 	0	81.1447501206	0.5381	0.01374	0.392	1.0403	0.3972	0.3	-89.9879  0.  83
85 	0	81.1699373086	0.5381	0.01397	0.3911	1.0409	0.3964	0.3	-89.9811  0.  84
86 	0	81.1953902336	0.5381	0.01420	0.3903	1.0414	0.3956	0.3	-89.9727  0.  85
87 	0	81.2211085363	0.5381	0.01443	0.3894	1.0419	0.3948	0.3	-89.9629  0.  86
88 	0	81.2470918539	0.5381	0.01466	0.3886	1.0425	0.3940	0.3	-89.9515  0.  87
89 	0	81.2733398196	0.5381	0.01489	0.3878	1.043	0.3933	0.3	-89.9386  0.  88
90 	0	81.2998520629	0.5381	0.01512	0.3869	1.0436	0.3925	0.3	-89.9243  0.  89
91 	0	81.3266282099	0.5381	0.01536	0.3861	1.0441	0.3918	0.3	-89.9084  0.  90
92 	0	81.3536754567	0.5382	0.01559	0.3853	1.0446	0.3911	0.3	-89.8909  0.  91
93 	0	81.3809834451	0.5382	0.01582	0.3846	1.0451	0.3904	0.3	-89.872   0.  92
94 	0	81.4085542897	0.5382	0.01605	0.3838	1.0457	0.3896	0.3	-89.8516  0.  93
95 	0	81.4363876014	0.5382	0.01628	0.383	1.0462	0.3889	0.3	-89.8297  0.  94
96 	0	81.4644829871	0.5382	0.01651	0.3823	1.0467	0.3883	0.3	-89.8062  0.  95
97 	0	81.4928400503	0.5382	0.01673	0.3815	1.0472	0.3876	0.3	-89.7813  0.  96
98 	0	81.5214583906	0.5382	0.01696	0.3808	1.0478	0.3869	0.3	-89.7548  0.  97
99 	0	81.5503456892	0.5383	0.01719	0.38	1.0483	0.3862	0.3	-89.7269  0.  98
100	0	81.579490879	0.5383	0.01742	0.3793	1.0488	0.3856	0.3	-89.6974  0.  99
101	0	81.6088962192	0.5383	0.01765	0.3786	1.0493	0.3850	0.3	-89.6664  0.  100
102	0	81.6385695971	0.5384	0.01787	0.378	1.0498	0.3843	0.3	-89.634   0.  101
103	0	81.6684996441	0.5384	0.01810	0.3773	1.0503	0.3837	0.3	-89.6     0.  102
104	0	81.6986886807	0.5384	0.01833	0.3766	1.0508	0.3831	0.3	-89.5646  0.  103
105	0	81.7291447991	0.5385	0.01855 0.376	1.0513	0.3825	0.3	-89.5276  0.  104
106	0	81.7598563307	0.5385	0.01878	0.3753	1.0518	0.3819	0.3	-89.4892  0.  105
107	0	81.7908256569	0.5385	0.01900	0.3747	1.0523	0.3814	0.3	-89.4493  0.  106
108	0	81.822061074	0.5386	0.01923	0.3741	1.0528	0.3808	0.3	-89.4079  0.  107
109	0	81.8535506146	0.5386	0.01945	0.3735	1.0533	0.3802	0.3	-89.365   0.  108
110	0	81.8853055979	0.5387	0.01968	0.3728	1.0538	0.3797	0.3	-89.3206  0.  109
111	0	81.917322806	0.5388	0.01990	0.3722	1.0543	0.3791	0.3	-89.2747  0.  110
112	0	81.9495929091	0.5388	0.02012	0.3717	1.0547	0.3786	0.3	-89.2274  0.  111
113	0	81.9821275001	0.5389	0.02035	0.3711	1.0552	0.3781	0.3	-89.1785  0.  112
114	0	82.0149232776	0.539	0.02057	0.3705	1.0557	0.3776	0.3	-89.1283  0.  113
115	0	82.047970687	0.539	0.02079	0.3699	1.0562	0.3771	0.3	-89.0765  0.  114
116	0	82.0812815932	0.5391	0.02101	0.3694	1.0567	0.3765	0.3	-89.0233  0.  115
117	0	82.114852612	0.5392	0.02123	0.3688	1.0571	0.3761	0.3	-88.9686  0.  116
118	0	82.1486834088	0.5393	0.02145	0.3683	1.0576	0.3756	0.3	-88.9124  0.  117
119	0	82.1827736448	0.5394	0.02167	0.3677	1.0581	0.3751	0.3	-88.8548  0.  118
120	0	82.2171229771	0.5395	0.02189	0.3672	1.0585	0.3746	0.3	-88.7957  0.  119
121	0	82.2517310588	0.5396	0.02211	0.3667	1.059	0.3742	0.3	-88.7352  0.  120
122	0	82.2865975389	0.5397	0.02233	0.3662	1.0594	0.3737	0.3	-88.6732  0.  121
123	0	82.3217318567	0.5399	0.02255	0.3657	1.0599	0.3732	0.3	-88.6097  0.  122
124	0	82.3571207098	0.54	0.02277	0.3652	1.0604	0.3728	0.3	-88.5448  0.  123
125	0	82.3927669763	0.5401	0.02299	0.3647	1.0608	0.3724	0.3	-88.4785  0.  124
126	0	82.4286802916	0.5403	0.02320	0.3642	1.0613	0.3719	0.3	-88.4108  0.  125
127	0	82.464847062	0.5404	0.02342	0.3638	1.0617	0.3715	0.3	-88.3416  0.  126
128	0	82.5012803643	0.5406	0.02364	0.3633	1.0622	0.3711	0.3	-88.2709  0.  127
129	0	82.5379766219	0.5408	0.02386	0.3628	1.0626	0.3707	0.3	-88.1989  0.  128
130	0	82.5749355882	0.541	0.02407	0.3624	1.063	0.3703	0.3	-88.1254  0.  129
131	0	82.6121570116	0.5412	0.02429	0.3619	1.0635	0.3699	0.3	-88.0505  0.  130
132	0	82.6496406362	0.5414	0.02451	0.3615	1.0639	0.3695	0.3	-87.9742  0.  131
133	0	82.6873862014	0.5416	0.02472	0.361	1.0644	0.3691	0.3	-87.8964  0.  132
134	0	82.7253934418	0.5418	0.02494	0.3606	1.0648	0.3687	0.3	-87.8173  0.  133
135	0	82.7636620875	0.542	0.02516	0.3602	1.0652	0.3683	0.3	-87.7367  0.  134
136	0	82.802191864	0.5422	0.02537	0.3598	1.0656	0.3680	0.3	-87.6548  0.  135
137	0	82.8409932516	0.5425	0.02559	0.3593	1.0661	0.3676	0.3	-87.5714  0.  136
138	0	82.8800517336	0.5427	0.02581	0.3589	1.0665	0.3672	0.3	-87.4867  0.  137
139	0	82.9193814806	0.543	0.02603	0.3585	1.0669	0.3669	0.3	-87.4006  0.  138
140	0	82.9589787478	0.5433	0.02624	0.3581	1.0673	0.3666	0.3	-87.3131  0.  139
141	0	82.9988433722	0.5436	0.02646	0.3577	1.0678	0.3662	0.3	-87.2242  0.  140
142	0	83.0389751851	0.5439	0.02668	0.3573	1.0682	0.3659	0.3	-87.1339  0.  141
143	0	83.0793740129	0.5442	0.02690	0.357	1.0686	0.3655	0.3	-87.0423  0.  142
144	0	83.1200396765	0.5445	0.02712	0.3566	1.069	0.3652	0.3	-86.9493  0.  143
145	0	83.1609832924	0.5449	0.02734	0.3562	1.0694	0.3649	0.3	-86.8549  0.  144
146	0	83.2021897154	0.5452	0.02756	0.3559	1.0698	0.3646	0.3	-86.7592  0.  145
147	0	83.2436739296	0.5456	0.02778 0.3555	1.0702	0.3643	0.3	-86.6621  0.  146
148	0	83.2854321013	0.546	0.02800	0.3551	1.0707	0.3640	0.3	-86.5637  0.  147
149	0	83.3274641579	0.5464	0.02822	0.3548	1.0711	0.3637	0.3	-86.4639  0.  148
150	0	83.369770021	0.5468	0.02844	0.3545	1.0715	0.3634	0.3	-86.3628  0.  149
151	0	83.4123496065	0.5472	0.02867	0.3541	1.0719	0.3631	0.3	-86.2604  0.  150
152	0	83.4552145916	0.5477	0.02889	0.3538	1.0723	0.3628	0.3	-86.1566  0.  151
153	0	83.4983493008	0.5481	0.02911	0.3535	1.0727	0.3625	0.3	-86.0515  0.  152
154	0	83.541769432	0.5486	0.02934	0.3532	1.0731	0.3623	0.3	-85.9452  0.  153
155	0	83.5854710865	0.5491	0.02957	0.3528	1.0735	0.3620	0.3	-85.8374  0.  154
156	0	83.6294542817	0.5496	0.02980	0.3525	1.0739	0.3617	0.3	-85.7284  0.  155
157	0	83.6737190285	0.5501	0.03002	0.3522	1.0743	0.3615	0.3	-85.6181  0.  156
158	0	83.718265331	0.5506	0.03025	0.3519	1.0747	0.3612	0.3	-85.5065  0.  157
159	0	83.7631054158	0.5512	0.03049	0.3516	1.0751	0.3610	0.3	-85.3936  0.  158
160	0	83.8082353723	0.5518	0.03072	0.3514	1.0755	0.3608	0.3	-85.2794  0.  159
161	0	83.8536553154	0.5524	0.03095	0.3511	1.0759	0.3605	0.3	-85.164   0.  160
162	0	83.8993653529	0.553	0.03119	0.3508	1.0763	0.3603	0.3	-85.0473  0.  161
163	0	83.9453655854	0.5536	0.03143	0.3505	1.0767	0.3600	0.3	-84.9293  0.  162
164	0	83.9916561062	0.5542	0.03167	0.3502	1.0771	0.3598	0.3	-84.81    0.  163
165	0	84.0382496213	0.5549	0.03191	0.35	1.0775	0.3596	0.3	-84.6895  0.  164
166	0	84.0851421755	0.5556	0.03215	0.3497	1.0779	0.3594	0.3	-84.5678  0.  165
167	0	84.1323339695	0.5563	0.03239	0.3494	1.0783	0.3592	0.3	-84.4448  0.  166
168	0	84.179825196	0.557	0.03264	0.3492	1.0787	0.3590	0.3	-84.3205  0.  167
169	0	84.2276289177	0.5578	0.03289	0.349	1.079	0.3588	0.3	-84.1951  0.  168
170	0	84.2757411905	0.5586	0.03314 0.3487	1.0795	0.3586	0.3	-84.0684  0.  169
171	0	84.3241493046	0.5593	0.03339	0.3485	1.0798	0.3584	0.3	-83.9405  0.  170
172	0	84.3728838548	0.5602	0.03365	0.3482	1.0802	0.3582	0.3	-83.8114  0.  171
173	0	84.4219234859	0.561	0.03391	0.348	1.0806	0.3580	0.3	-83.6811  0.  172
174	0	84.4712860037	0.5619	0.03417	0.3478	1.081	0.3578	0.3	-83.5496  0.  173
175	0	84.5209541787	0.5627	0.03443	0.3475	1.0814	0.3577	0.3	-83.4169  0.  174
176	0	84.5709592955	0.5637	0.03470	0.3473	1.0819	0.3575	0.3	-83.283   0.  175
177	0	84.621279664	0.5646	0.03496	0.3471	1.0822	0.3573	0.3	-83.148   0.  176
178	0	84.6719200674	0.5655	0.03524	0.3469	1.0827	0.3571	0.3	-83.0118  0.  177
179	0	84.7228943756	0.5665	0.03551	0.3466	1.0831	0.3570	0.3	-82.8744  0.  178
180	0	84.7741985951	0.5675	0.03579	0.3464	1.0835	0.3568	0.3	-82.7358  0.  179
181	0	84.8258468295	0.5686	0.03607	0.3462	1.0839	0.3567	0.3	-82.5962  0.  180
182	0	84.8778214423	0.5696	0.03635	0.346	1.0843	0.3565	0.3	-82.4553  0.  181
183	0	84.9301411694	0.5707	0.03664	0.3458	1.0847	0.3564	0.3	-82.3134  0.  182
184	0	84.9828020179	0.5718	0.03693	0.3456	1.0851	0.3562	0.3	-82.1703  0.  183
185	0	85.0358184273	0.573	0.03723	0.3455	1.0855	0.3561	0.3	-82.0261  0.  184
186	0	85.0891725079	0.5741	0.03752	0.3452	1.086	0.3559	0.3	-81.8807  0.  185
187	0	85.1428974345	0.5754	0.03783	0.3451	1.0864	0.3558	0.3	-81.7343  0.  186
188	0	85.1969706207	0.5766	0.03813	0.3449	1.0868	0.3557	0.3	-81.5868  0.  187
189	0	85.2513973429	0.5778	0.03844	0.3447	1.0872	0.3556	0.3	-81.4382  0.  188
190	0	85.3061924219	0.5791	0.03876	0.3445	1.0877	0.3554	0.3	-81.2885  0.  189
191	0	85.3613518876	0.5804	0.03908	0.3443	1.0881	0.3553	0.3	-81.1377  0.  190
192	0	85.4168907852	0.5818	0.03940	0.3442	1.0885	0.3552	0.3	-80.9858  0.  191
193	0	85.4728052023	0.5832	0.03973	0.344	1.089	0.3551	0.3	-80.8329  0.  192
194	0	85.5290959494	0.5846	0.04006	0.3438	1.0894	0.3550	0.3	-80.679   0.  193
195	0	85.5857638238	0.586	0.04040	0.3436	1.0899	0.3549	0.3	-80.524   0.  194
196	0	85.6428241903	0.5875	0.04075	0.3435	1.0903	0.3548	0.3	-80.3679  0.  195
197	0	85.7002731235	0.589	0.04109	0.3433	1.0908	0.3547	0.3	-80.2109  0.  196
198	0	85.7581262072	0.5906	0.04145	0.3432	1.0912	0.3546	0.3	-80.0528  0.  197
199	0	85.8163795695	0.5922	0.04181	0.343	1.0917	0.3545	0.3	-79.8937  0.  198
200	0	85.8750341835	0.5938	0.04217	0.3428	1.0922	0.3544	0.3	-79.7336  0.  199
201	0	85.9341058965	0.5955	0.04255	0.3427	1.0926	0.3543	0.3	-79.5725  0.  200
202	0	85.993590852	0.5972	0.04292	0.3425	1.0931	0.3542	0.3	-79.4104  0.  201
203	0	86.0534900996	0.5989	0.04331	0.3424	1.0936	0.3541	0.3	-79.2473  0.  202
204	0	86.1138046728	0.6006	0.04370	0.3422	1.0941	0.3540	0.3	-79.0833  0.  203
205	0	86.1745658565	0.6025	0.04409	0.3421	1.0946	0.3540	0.3	-78.9183  0.  204
206	0	86.2357496925	0.6043	0.04450	0.3419	1.0951	0.3539	0.3	-78.7523  0.  205
207	0	86.2973775659	0.6062	0.04491	0.3418	1.0956	0.3538	0.3	-78.5854  0.  206
208	0	86.3594456414	0.6081	0.04533	0.3416	1.0961	0.3537	0.3	-78.4175  0.  207
209	0	86.4219704876	0.6101	0.04575	0.3415	1.0966	0.3537	0.3	-78.2487  0.  208
210	0	86.4849483132	0.6121	0.04618	0.3414	1.0971	0.3536	0.3	-78.079   0.  209
211	0	86.5483803932	0.6141	0.04663	0.3412	1.0977	0.3535	0.3	-77.9084  0.  210
212	0	86.6122835428	0.6162	0.04707	0.3411	1.0982	0.3535	0.3	-77.7369  0.  211
213	0	86.6766695926	0.6184	0.04753	0.3409	1.0988	0.3534	0.3	-77.5645  0.  212
214	0	86.7415348334	0.6206	0.04800	0.3408	1.0993	0.3534	0.3	-77.3912  0.  213
215	0	86.8068807011	0.6228	0.04847	0.3406	1.0999	0.3533	0.3	-77.217   0.  214
216	0	86.8727244115	0.6251	0.04895	0.3405	1.1005	0.3533	0.3	-77.0419  0.  215
217	0	86.9390622507	0.6274	0.04944	0.3404	1.101	0.3532	0.3	-76.866   0.  216
218	0	87.0058957091	0.6297	0.04995	0.3402	1.1016	0.3532	0.3	-76.6893  0.  217
219	0	87.0732422355	0.6321	0.05046	0.3401	1.1022	0.3531	0.3	-76.5117  0.  218
220	0	87.1411141478	0.6346	0.05098	0.34	1.1028	0.3531	0.3	-76.3332  0.  219
221	0	87.2095077981	0.6371	0.05151	0.3398	1.1035	0.3531	0.3	-76.1539  0.  220
222	0	87.2784409814	0.6397	0.05205	0.3397	1.1041	0.3531	0.3	-75.9739  0.  221
223	0	87.3479100786	0.6423	0.05260	0.3396	1.1047	0.3530	0.3	-75.793   0.  222
224	0	87.4179330716	0.645	0.05316	0.3395	1.1054	0.3530	0.3	-75.6113  0.  223
225	0	87.4885063668	0.6477	0.05374	0.3394	1.1061	0.3530	0.3	-75.4288  0.  224
226	0	87.5596481295	0.6505	0.05432	0.3393	1.1068	0.3530	0.3	-75.2455  0.  225
227	0	87.6313547891	0.6533	0.05492	0.3392	1.1075	0.3530	0.3	-75.0615  0.  226
228	0	87.70364469	    0.6562	0.05553	0.3391	1.1082	0.3530	0.3	-74.8767  0.  227
229	0	87.7765142812	0.6591	0.05616	0.339	1.1089	0.3530	0.3	-74.6912  0.  228
230	0	87.8499820829	0.6621	0.05679	0.3389	1.1096	0.3530	0.3	-74.5049  0.  229
231	0	87.9240445597	0.6651	0.05744	0.3388	1.1104	0.3530	0.3	-74.3179  0.  230
232	0	87.9987371579	0.6683	0.05810	0.3387	1.1112	0.3530	0.3	-74.1301  0.  231
233	0	88.0740341131	0.6714	0.05878	0.3386	1.1119	0.3530	0.3	-73.9417  0.  232
234	0	88.1499767212	0.6747	0.05947	0.3385	1.1127	0.3531	0.3	-73.7525  0.  233
235	0	88.2265559992	0.678	0.06017	0.3384	1.1135	0.3531	0.3	-73.5627  0.  234
236	0	88.3037740966	0.6813	0.06089	0.3383	1.1144	0.3531	0.3	-73.3722  0.  235
237	0	88.3816501723	0.6847	0.06163	0.3382	1.1152	0.3531	0.3	-73.1809  0.  236
238	0	88.4601978784	0.6882	0.06238	0.338	1.1161	0.3531	0.3	-72.9891  0.  237
239	0	88.5394309822	0.6918	0.06315	0.3379	1.117	0.3531	0.3	-72.7965  0.  238
240	0	88.6193461418	0.6954	0.06394	0.3378	1.1179	0.3532	0.3	-72.6033  0.  239
241	0	88.6999629357	0.6991	0.06474	0.3377	1.1188	0.3532	0.3	-72.4095  0.  240
242	0	88.7812780124	0.7028	0.06556	0.3376	1.1197	0.3532	0.3	-72.2151  0.  241
243	0	88.8633284892	0.7067	0.06640	0.3375	1.1207	0.3532	0.3	-72.02    0.  242
244	0	88.9461053543	0.7106	0.06725	0.3374	1.1217	0.3533	0.3	-71.8244  0.  243
245	0	89.0296110674	0.7145	0.06813	0.3372	1.1227	0.3533	0.3	-71.6281  0.  244
246	0	89.1138831775	0.7186	0.06903	0.3371	1.1237	0.3534	0.3	-71.4312  0.  245
247	0	89.1989126365	0.7227	0.06994	0.337	1.1247	0.3534	0.3	-71.2338  0.  246
248	0	89.284719663	0.7269	0.07088	0.3369	1.1258	0.3535	0.3	-71.0358  0.  247
249	0	89.3713187358	0.7312	0.07184	0.3368	1.1269	0.3535	0.3	-70.8372  0.  248
250	0	89.4587066296	0.7355	0.07282	0.3367	1.128	0.3536	0.3	-70.6381  0.  249
251	0	89.5469216474	0.74	0.07382	0.3365	1.1292	0.3536	0.3	-70.4385  0.  250
252	0	89.635954719	0.7445	0.07485	0.3364	1.1304	0.3537	0.3	-70.2383  0.  251
253	0	89.7258265079	0.7491	0.07590	0.3363	1.1316	0.3538	0.3	-70.0377  0.  252
254	0	89.8165518297	0.7538	0.07698	0.3362	1.1328	0.3538	0.3	-69.8365  0.  253
255	0	89.9081455826	0.7586	0.07808	0.3361	1.1341	0.3539	0.3	-69.6348  0.  254
256	0	90.0006046059	0.7634	0.07920	0.336	1.1354	0.3540	0.3	-69.4326  0.  255
257	0	90.0939680448	0.7684	0.08036	0.3359	1.1367	0.3541	0.3	-69.2299  0.  256
258	0	90.1882267493	0.7734	0.08154	0.3358	1.1381	0.3542	0.3	-69.0268  0.  257
259	0	90.2834201582	0.7786	0.08274	0.3357	1.1395	0.3543	0.3	-68.8232  0.  258
260	0	90.3795391097	0.7838	0.08398	0.3356	1.141	0.3544	0.3	-68.6192  0.  259
261	0	90.4766049048	0.7891	0.08525	0.3355	1.1424	0.3545	0.3	-68.4148  0.  260
262	0	90.574651293	0.7946	0.08655	0.3353	1.1439	0.3546	0.3	-68.2099  0.  261
263	0	90.6736690701	0.8001	0.08788	0.3352	1.1455	0.3547	0.3	-68.0046  0.  262
264	0	90.7736797608	0.8057	0.08924	0.335	1.1471	0.3548	0.3	-67.7989  0.  263
265	0	90.874698799	0.8114	0.09064	0.3349	1.1487	0.3549	0.3	-67.5928  0.  264
266	0	90.9767603536	0.8173	0.09207	0.3347	1.1504	0.3550	0.3	-67.3863  0.  265
267	0	91.0798551106	0.8232	0.09354	0.3346	1.1521	0.3551	0.3	-67.1795  0.  266
268	0	91.1840236329	0.8293	0.09504	0.3344	1.1539	0.3552	0.3	-66.9723  0.  267
269	0	91.2892565257	0.8354	0.09658	0.3342	1.1557	0.3553	0.3	-66.7647  0.  268
270	0	91.3955945496	0.8417	0.09816	0.334	1.1575	0.3554	0.3	-66.5568  0.  269
271	0	91.5030471696	0.8481	0.09978	0.3339	1.1594	0.3555	0.3	-66.3485  0.  270
272	0	91.6116301299	0.8546	0.10144	0.3337	1.1614	0.3556	0.3	-66.14    0.  271
273	0	91.7213591824	0.8612	0.10314	0.3335	1.1634	0.3558	0.3	-65.9311  0.  272
274	0	91.8322691977	0.868	0.10488	0.3334	1.1655	0.3560	0.3	-65.7219  0.  273
275	0	91.9443505201	0.8748	0.10667	0.3333	1.1676	0.3561	0.3	-65.5125  0.  274
276	0	92.0576444624	0.8818	0.10851	0.3331	1.1698	0.3563	0.3	-65.3027  0.  275
277	0	92.1721797454	0.889	0.11039	0.3329	1.1721	0.3564	0.3	-65.0927  0.  276
278	0	92.2879465507	0.8962	0.11233	0.3328	1.1744	0.3566	0.3	-64.8825  0.  277
279	0	92.4049864198	0.9036	0.11431 0.3326	1.1768	0.3568	0.3	-64.672   0.  278
280	0	92.5233087464	0.9111	0.11634	0.3324	1.1793	0.3569	0.3	-64.4612  0.  279
281	0	92.6429487732	0.9188	0.11843	0.3322	1.1818	0.3571	0.3	-64.2503  0.  280
282	0	92.7639158485	0.9266	0.12058	0.3319	1.1844	0.3573	0.3	-64.0391  0.  281
283	0	92.8862257096	0.9345	0.12277	0.3317	1.1871	0.3574	0.3	-63.8277  0.  282
284	0	93.0099136378	0.9426	0.12503	0.3314	1.1898	0.3576	0.3	-63.6161  0.  283
285	0	93.1350084628	0.9509	0.12735	0.3312	1.1927	0.3578	0.3	-63.4043  0.  284
286	0	93.261519322	0.9593	0.12973	0.3309	1.1956	0.3579	0.3	-63.1924  0.  285
287	0	93.3894617653	0.9678	0.13218	0.3306	1.1986	0.3581	0.3	-62.9803  0.  286
288	0	93.5188710339	0.9765	0.13469	0.3304	1.2017	0.3583	0.3	-62.7681  0.  287
289	0	93.6497758005	0.9854	0.13727	0.3301	1.2049	0.3585	0.3	-62.5557  0.  288
290	0	93.7821848052	0.9944	0.13991	0.3298	1.2082	0.3587	0.3	-62.3431  0.  289
291	0	93.9161331666	1.0036	0.14264	0.3296	1.2116	0.3589	0.3	-62.1305  0.  290
292	0	94.0516493419	1.013	0.14543	0.3293	1.2151	0.3592	0.3	-61.9178  0.  291
293	0	94.1887416741	1.0225	0.14830 0.329	1.2187	0.3594	0.3	-61.7049  0.  292
294	0	94.3274450186	1.0322	0.15126	0.3287	1.2225	0.3596	0.3	-61.492   0.  293
295	0	94.467787472	1.0421	0.15429 0.3284	1.2263	0.3598	0.3	-61.279   0.  294
296	0	94.6097970033	1.0522	0.15741	0.328	1.2303	0.3601	0.3	-61.0659  0.  295
297	0	94.7535014334	1.0625	0.16061	0.3276	1.2344	0.3603	0.3	-60.8528  0.  296
298	0	94.8989081621	1.0729	0.16391	0.3272	1.2386	0.3605	0.3	-60.6396  0.  297
299	0	95.046071584	1.0836	0.16730	0.3268	1.243	0.3608	0.3	-60.4264  0.  298
300	0	95.1950122082	1.0945	0.17078 0.3264	1.2475	0.3610	0.3	-60.2132  0.  299
301	0	95.3457366726	1.1055	0.17436	0.3259	1.2522	0.3612	0.3	-60       0.  300
302	0	95.49815597	    1.1161	0.17513	0.3261	1.2522	0.3615	0.3	-59.8957  0.  301
303	0	95.6528886732	1.1296	0.17785	0.3258	1.2555	0.3618	0.3	-59.4545  0.  302
304	0	95.8093284852	1.1411	0.18087	0.3256	1.2592	0.3621	0.3	-59.0175  0.  303
305	0	95.967671193	1.1529	0.18397	0.3254	1.2631	0.3625	0.3	-58.5801  0.  304
306	0	96.1279558518	1.165	0.18712	0.3251	1.2671	0.3628	0.3	-58.1419  0.  305
307	0	96.290200617	1.1773	0.19041	0.3249	1.2712	0.3632	0.3	-57.7033  0.  306
308	0	96.4544300287	1.1898	0.19374 0.3246	1.2755	0.3635	0.3	-57.2644  0.  307
309	0	96.6206887947	1.2026	0.19722	0.3243	1.2799	0.3639	0.3	-56.8253  0.  308
310	0	96.7890143394	1.2157	0.20075	0.324	1.2845	0.3642	0.3	-56.3864  0.  309
311	0	96.9594229079	1.229	0.20443	0.3236	1.2892	0.3646	0.3	-55.9476  0.  310
312	0	97.1319577485	1.2426	0.20816	0.3232	1.2941	0.3649	0.3	-55.5094  0.  311
313	0	97.3066546593	1.2565	0.21204	0.3228	1.2992	0.3653	0.3	-55.0717  0.  312
314	0	97.4835488184	1.2707	0.21598	0.3223	1.3044	0.3656	0.3	-54.6349  0.  313
315	0	97.6626539303	1.2851	0.22008	0.322	1.3099	0.3661	0.3	-54.199   0.  314
316	0	97.8440106477	1.2998	0.22416 0.3217	1.3154	0.3666	0.3	-53.7644  0.  315
317	0	98.0276519251	1.3148	0.22836	0.3213	1.3211	0.3671	0.3	-53.3311  0.  316
318	0	98.2136098762	1.3301	0.23265	0.3211	1.3269	0.3677	0.3	-52.8996  0.  317
319	0	98.4019157119	1.3457	0.23699	0.3209	1.3329	0.3683	0.3	-52.4699  0.  318
320	0	98.592599674	1.3616	0.24143	0.3205	1.3391	0.3688	0.3	-52.0424  0.  319
321	0	98.7856700623	1.3777	0.24605	0.3201	1.3455	0.3694	0.3	-51.6173  0.  320
322	0	98.9811828283	1.3942	0.25070	0.3198	1.352	0.3700	0.3	-51.1947  0.  321
323	0	99.1791370004	1.4109	0.25545	0.3194	1.3588	0.3706	0.3	-50.7748  0.  322
324	0	99.3795651933	1.4279	0.26031 0.319	1.3657	0.3712	0.3	-50.3578  0.  323
325	0	99.5825126616	1.4453	0.26527	0.3185	1.3729	0.3718	0.3	-49.9439  0.  324
326	0	99.7879743928	1.4629	0.27033	0.3181	1.3802	0.3725	0.3	-49.5332  0.  325
327	0	99.9959997054	1.4809	0.27542	0.3176	1.3877	0.3731	0.3	-49.126   0.  326
328	0	100.2065804781	1.4991	0.28069	0.317	1.3955	0.3737	0.3	-48.7222  0.  327
329	0	100.4197418098	1.5176	0.28605	0.3165	1.4035	0.3743	0.3	-48.3223  0.  328
330	0	100.6355209716	1.5365	0.29151	0.3159	1.4117	0.3750	0.3	-47.9263  0.  329
331	0	100.8539254199	1.5557	0.29699	0.3156	1.42	0.3758	0.3	-47.5342  0.  330
332	0	101.0749466831	1.5751	0.30247 0.3151	1.4285	0.3766	0.3	-47.1462  0.  331
333	0	101.298623008	1.5949	0.30805	0.3147	1.4371	0.3774	0.3	-46.7626  0.  332
334	0	101.5249346648	1.6149	0.31370	0.3142	1.446	0.3782	0.3	-46.3836  0.  333
335	0	101.7539153266	1.6353	0.31943	0.3137	1.4551	0.3790	0.3	-46.0092  0.  334
336	0	101.9855613773	1.656	0.32524	0.3133	1.4643	0.3799	0.3	-45.6397  0.  335
337	0	102.2198527769	1.6769	0.33103	0.3128	1.4737	0.3807	0.3	-45.2749  0.  336
338	0	102.4567946114	1.6981	0.33697	0.3123	1.4834	0.3816	0.3	-44.9152  0.  337
339	0	102.6964029423	1.7197	0.34288	0.3118	1.4932	0.3825	0.3	-44.5606  0.  338
340	0	102.9386423889	1.7415	0.34886	0.3112	1.5032	0.3834	0.3	-44.2111  0.  339
341	0	103.183509123	1.7636	0.35488 0.3106	1.5133	0.3843	0.3	-43.8669  0.  340
342	0	103.430968511	1.7859	0.36095	0.31	1.5237	0.3852	0.3	-43.528   0.  341
343	0	103.6810307507	1.8086	0.36706	0.3094	1.5343	0.3861	0.3	-43.1945  0.  342
344	0	103.9336474856	1.8315	0.37321	0.309	1.545	0.3872	0.3	-42.8665  0.  343
345	0	104.1888010779	1.8547	0.37920	0.3087	1.5556	0.3884	0.3	-42.5439  0.  344
346	0	104.4464631661	1.8782	0.38511 0.3083	1.5662	0.3895	0.3	-42.2268  0.  345
347	0	104.7065606672	1.9018	0.39113	0.3079	1.5772	0.3907	0.3	-41.9153  0.  346
348	0	104.9690912542	1.9258	0.39705	0.3075	1.5881	0.3919	0.3	-41.6097  0.  347
349	0	105.2339669607	1.9499	0.40298	0.3071	1.5991	0.3931	0.3	-41.3097  0.  348
350	0	105.5011564383	1.9743	0.40889	0.3069	1.6102	0.3944	0.3	-41.0154  0.  349
351	0	105.7706101206	1.999	0.41469	0.3066	1.6213	0.3957	0.3	-40.7269  0.  350
352	0	106.0422336809	2.0238	0.42047	0.3062	1.6324	0.3969	0.3	-40.4441  0.  351
353	0	106.315961643	2.0488	0.42633	0.3059	1.6439	0.3982	0.3	-40.1671  0.  352
354	0	106.5917367052	2.0741	0.43206	0.3055	1.6552	0.3995	0.3	-39.8957  0.  353
355	0	106.8694502137	2.0995	0.43774	0.3052	1.6666	0.4009	0.3	-39.63    0.  354
356	0	107.149021471	2.1251	0.44328	0.3049	1.6778	0.4022	0.3	-39.3699  0.  355
357	0	107.4303578049	2.1509	0.44888 0.3046	1.6893	0.4036	0.3	-39.1154  0.  356
358	0	107.7133610374	2.1769	0.45431	0.3043	1.7006	0.4049	0.3	-38.8664  0.  357
359	0	107.9979081309	2.203	0.45980	0.3041	1.7121	0.4063	0.3	-38.6229  0.  358
360	0	108.2838961793	2.2293	0.46512 0.3039	1.7234	0.4078	0.3	-38.3849  0.  359
361	0	108.5712098442	2.2558	0.47025	0.3038	1.7345	0.4092	0.3	-38.1522  0.  360
362	0	108.8596901274	2.2823	0.47543	0.3035	1.7458	0.4106	0.3	-37.9247  0.  361
363	0	109.1492226568	2.309	0.48053	0.3034	1.757	0.4121	0.3	-37.7026  0.  362
364	0	109.4396739923	2.3359	0.48544	0.3032	1.768	0.4136	0.3	-37.4856  0.  363
365	0	109.730867588	2.3628	0.49026	0.3032	1.7789	0.4151	0.3	-37.2737  0.  364
366	0	110.0226699596	2.3899	0.49500	0.3031	1.7897	0.4166	0.3	-37.0668  0.  365
367	0	110.3148925734	2.417	0.49965	0.3031	1.8005	0.4182	0.3	-36.8648  0.  366
368	0	110.6073711041	2.4442	0.50409	0.3032	1.8109	0.4198	0.3	-36.6677  0.  367
369	0	110.8999462566	2.4716	0.50844	0.3032	1.8211	0.4214	0.3	-36.4753  0.  368
370	0	111.1924109107	2.499	0.51269	0.3033	1.8313	0.4230	0.3	-36.2876  0.  369
371	0	111.4845638656	2.5264	0.51684	0.3033	1.8413	0.4246	0.3	-36.1045  0.  370
372	0	111.7762147864	2.5539	0.52090 0.3035	1.8512	0.4263	0.3	-35.926   0.  371
373	0	112.0671607937	2.5815	0.52473	0.3036	1.8606	0.4278	0.3	-35.7518  0.  372
374	0	112.3571757938	2.6091	0.52871	0.3037	1.8705	0.4293	0.3	-35.582   0.  373
375	0	112.6460332763	2.6367	0.53259	0.3038	1.8802	0.4308	0.3	-35.4164  0.  374
376	0	112.9335165901	2.6644	0.53637	0.3039	1.8898	0.4324	0.3	-35.2549  0.  375
377	0	113.2193967196	2.6922	0.53994	0.3041	1.8989	0.4339	0.3	-35.0974  0.  376
378	0	113.5034069339	2.7199	0.54353 0.3042	1.9082	0.4354	0.3	-34.9438  0.  377
379	0	113.7853163434	2.7477	0.54702	0.3043	1.9173	0.4369	0.3	-34.794   0.  378
380	0	114.0648468708	2.7754	0.55043	0.3045	1.9262	0.4385	0.3	-34.648   0.  379
381	0	114.3417549611	2.8032	0.55361	0.3047	1.9346	0.4400	0.3	-34.5055  0.  380
382	0	114.6157658116	2.831	0.55683	0.3049	1.9432	0.4415	0.3	-34.3666  0.  381
383	0	114.8866039069	2.8588	0.55995 0.3051	1.9516	0.4431	0.3	-34.2312  0.  382
384	0	115.1539880688	2.8866	0.56286 0.3053	1.9595	0.4446	0.3	-34.0991  0.  383
385	0	115.4176182372	2.9143	0.56582	0.3056	1.9676	0.4462	0.3	-33.9703  0.  384
386	0	115.6772206359	2.9421	0.56855	0.306	1.9751	0.4477	0.3	-33.8448  0.  385
387	0	115.932480688	2.9698	0.57134	0.3062	1.9829	0.4492	0.3	-33.7223  0.  386
388	0	116.1831011067	2.9975	0.57404	0.3066	1.9904	0.4508	0.3	-33.6028  0.  387
389	0	116.4287752864	3.0252	0.57654	0.307	1.9975	0.4523	0.3	-33.4864  0.  388
390	0	116.6691803727	3.0528	0.57909	0.3073	2.0047	0.4538	0.3	-33.3727  0.  389
391	0	116.9040054928	3.0804	0.58157	0.3076	2.0118	0.4553	0.3	-33.2619  0.  390
392	0	117.1329314745	3.108	0.58398	0.3079	2.0187	0.4568	0.3	-33.1538  0.  391
393	0	117.3556247861	3.1355	0.58633	0.3082	2.0255	0.4582	0.3	-33.0484  0.  392
394	0	117.5717531653	3.1629	0.58874	0.3085	2.0325	0.4597	0.3	-32.9455  0.  393
395	0	117.7809916874	3.1903	0.59096 0.3088	2.0391	0.4610	0.3	-32.8451  0.  394
396	0	117.9830087855	3.2177	0.59338	0.309	2.0462	0.4624	0.3	-32.7471  0.  395
397	0	118.1774614341	3.245	0.59562	0.3092	2.0529	0.4637	0.3	-32.6515  0.  396
398	0	118.3640170348	3.2723	0.59794 0.3094	2.0599	0.4650	0.3	-32.5581  0.  397
399	0	118.5423299393	3.2995	0.60022	0.3095	2.0668	0.4662	0.3	-32.467   0.  398
400	0	118.7120571489	3.3266	0.60258	0.3097	2.074	0.4674	0.3	-32.378   0.  399
401	0	118.8728626318	3.3537	0.60490 0.3098	2.0812	0.4686	0.3	-32.2911  0.  400
402	0	119.0244068137	3.3808	0.60719	0.3098	2.0883	0.4697	0.3	-32.2062  0.  401
403	0	119.1663437839	3.4078	0.60958	0.3098	2.0958	0.4708	0.3	-32.1233  0.  402
404	0	119.2983314954	3.4347	0.61194	0.3098	2.1033	0.4718	0.3	-32.0422  0.  403
405	0	119.4200348153	3.4616	0.61440	0.3096	2.1112	0.4728	0.3	-31.963   0.  404
406	0	119.5311130365	3.4884	0.61685	0.3095	2.1191	0.4738	0.3	-31.8856  0.  405
407	0	119.6312343952	3.5152	0.61928	0.3093	2.1271	0.4747	0.3	-31.8099  0.  406
408	0	119.7200639279	3.5419	0.62182	0.3089	2.1355	0.4755	0.3	-31.7359  0.  407
409	0	119.7972723893	3.5685	0.62449	0.3085	2.1444	0.4763	0.3	-31.6635  0.  408
410	0	119.8625376225	3.5951	0.62716	0.308	2.1534	0.4770	0.3	-31.5928  0.  409
411	0	119.9155399528	3.6217	0.62995	0.3074	2.163	0.4776	0.3	-31.5235  0.  410
412	0	119.9559627148	3.6482	0.63288	0.3067	2.1732	0.4781	0.3	-31.4557  0.  411
413	0	119.983496677	3.6746	0.63595	0.3058	2.184	0.4784	0.3	-31.3894  0.  412
414	0	119.9978400006	3.701	0.63931	0.3048	2.1959	0.4788	0.3	-31.3244  0.  413
415	1	119.9978400006	3.701	0.63931	0.3048	2.1959	0.4788	0.3	-20.5000  0.  414
416	7	119.9978400006  5.3	    0.      0.    	1.	    0.4788  0.3	 158.41   0.  414
ESS_ff_prf.txt
0	0	0.		        0.	    0.	    0.	    0.   	0.	    0.	  0.      0.  0

