mac
146 0.005 1. 89.684794
1
scl_62p5mA_sp.in
93.220141
96.93166
101.185478
105.566745
110.491356
115.528781
120.660414
125.869066
131.124864
136.410186
141.713008
147.02295
152.33118
157.608962
162.849715
168.048045
173.199553
178.300678
183.348549
188.323842
193.224302
198.048146
202.793947
207.46069
212.047427
216.553795
219.88752
223.378124
227.028331
230.840777
235.304912
239.973344
244.844436
249.918026
256.274129
262.905526
269.800105
276.946929
285.668557
294.655059
303.878279
313.306633
324.526882
335.940955
347.50578
359.178967
372.994874
386.858059
400.722013
414.548712
428.305693
441.967499
455.512604
468.925245
482.192008
495.304361
508.25432
521.038805
533.652945
546.098095
558.3705
570.473048
583.852508
597.507072
611.42355
625.589256
639.993913
654.62467
669.46905
684.516876
699.756133
715.175296
730.764715
746.513635
762.412151
778.450607
794.620457
810.912847
827.319722
843.833264
860.446202
877.151614
893.942994
910.814246
927.759833
944.773846
961.851511
978.988036
996.179026
1013.42022
1030.708193
1048.038452
1065.407953
1082.813699
1100.252613
1117.721923
1135.21903
1152.742235
1170.287879
1187.85461
1205.440515
1223.043779
1240.662712
1258.29572
1275.941323
1293.599043
1311.265808
1328.941317
1346.624574
1364.314501
1382.010208
1399.710388
1417.413093
1435.117482
1452.822898
1470.528664
1488.23529
1505.939941
1523.643245
1541.344738
1559.044022
1576.740678
1594.43428
1612.124461
1629.810995
1647.493523
1665.171789
1682.845484
1700.514505
1718.178564
1735.837454
1753.491023
1771.140354
1788.782827
1806.41942
1824.050253
1841.675087
1859.293832
1876.906476
1894.5129
1912.112978
1929.706722
1947.294055
1964.87494
1982.449403
2000.01726
